1.08877
0.13
0.1333
0.26105
0.21143
0.21334
0.21369
0.21059
0.21442
0.21389
0.21438
0.21896
0.21428
0.21604
0.20991
0.21224
0.21239
0.17351
0.1318
0.12933
0.12915
0.13519
0.13744
0.14233
0.14181
0.14247
0.14562
0.15059
0.14569
0.22866
0.12815
0.12397
0.13101
0.14133
0.14453
0.14269
0.14187
0.14312
0.1441
0.1424
0.14191
0.14366
0.15362
0.15456
0.15424
0.15565
0.15316
0.15378
0.15297
0.15735
0.15612
0.15636
0.15599
0.15438
0.15324
0.14751
0.13269
0.13559
0.13932
0.13947
0.14114
0.13603
0.13805
0.13881
0.14009
0.13877
0.1405
0.13629
0.13996
0.13722
0.13916
0.1382
0.13816
0.14028
0.14792
0.1518
0.14794
0.1469
0.14719
0.14813
0.14848
0.15367
0.15913
0.13451
0.135
0.13284
0.12756
0.14273
0.14165
0.13702
0.15405
0.15152
0.14632
0.14303
0.16343
0.13057
0.12945
0.12588
0.13182
0.14531
