0.75696
0.58792
0.54809
0.48411
0.48079
0.45903
0.43623
0.41420
0.40439
0.39093
0.36950
0.35592
0.35819
0.35173
0.36159
0.35049
0.33733
0.34256
0.31902
0.31336
0.30846
0.29273
0.31218
0.28337
0.29598
0.29422
0.28925
0.27717
0.29677
0.26110
0.27083
0.26413
0.27171
0.25691
0.24379
0.26954
0.25990
0.23992
0.24242
0.22759
0.24402
0.24449
0.23399
0.23214
0.24238
0.22670
0.22388
0.20566
0.20239
0.21647
0.22855
0.20922
0.20429
0.21055
0.19944
0.21027
0.20074
0.19116
0.19996
0.19366
0.18899
0.18556
0.18516
0.19583
0.19127
0.17636
0.17004
0.17371
0.16996
0.16665
0.17323
0.17396
0.17897
0.16444
0.16296
0.17200
0.15956
0.15551
0.16254
0.14189
0.16782
0.16800
0.15318
0.14462
0.14375
0.14779
0.15918
0.13524
0.14970
0.15816
0.14153
0.12270
0.14016
0.12719
0.12736
0.11265
0.12285
0.12560
0.14215
0.12465
