0.47950
0.44788
0.41852
0.40226
0.38184
0.36539
0.35243
0.33589
0.34104
0.32926
0.33326
0.32498
0.31590
0.30027
0.30836
0.29708
0.29268
0.28771
0.26964
0.28795
0.27594
0.27439
0.26821
0.25909
0.25558
0.25682
0.24277
0.23768
0.23918
0.23406
0.21501
0.22670
0.22453
0.21254
0.21302
0.21327
0.21924
0.21315
0.19935
0.18524
0.19337
0.17771
0.17948
0.20043
0.16966
0.17956
0.16295
0.15706
0.16210
0.15008
0.14987
0.14594
0.12994
0.14482
0.15151
0.13658
0.14705
0.13297
0.13845
0.14471
0.13003
0.12682
0.12174
0.12879
0.10267
0.11885
0.09802
0.10687
0.11132
0.10420
0.09344
0.09433
0.10970
0.10466
0.10163
0.10381
0.10083
0.08796
0.09665
0.09115
0.09076
0.09571
0.08872
0.08931
0.07981
0.08602
0.07278
0.07935
0.07433
0.07652
0.06999
0.07154
0.07814
0.07124
0.08224
0.07668
0.06900
0.06974
0.07114
0.06687
