1.04572
0.86470
0.76547
0.68666
0.63055
0.57248
0.54986
0.50764
0.47814
0.45009
0.45409
0.40463
0.42009
0.40803
0.39382
0.39885
0.39332
0.38478
0.38097
0.35882
0.37857
0.36276
0.36138
0.37575
0.36036
0.34572
0.37172
0.34911
0.32922
0.32925
0.33481
0.32048
0.31704
0.30976
0.33336
0.31718
0.32791
0.32039
0.31295
0.31991
0.30571
0.29747
0.30881
0.30021
0.29902
0.29495
0.30406
0.28639
0.29521
0.28243
0.28776
0.27676
0.27848
0.27265
0.26847
0.28752
0.29175
0.26910
0.24760
0.27419
0.25566
0.27504
0.25703
0.27050
0.25301
0.26408
0.25091
0.26140
0.26621
0.24809
0.23727
0.23398
0.24838
0.23748
0.24036
0.22207
0.22955
0.23992
0.24924
0.22775
0.23274
0.23305
0.21341
0.22926
0.22710
0.21413
0.22261
0.22420
0.21798
0.22373
0.20644
0.21602
0.22191
0.21664
0.22022
0.20134
0.19754
0.22707
0.21546
0.20787
