0.46220
0.41768
0.38841
0.36245
0.34790
0.33390
0.31132
0.30587
0.28962
0.29429
0.27226
0.26147
0.25495
0.24692
0.24588
0.23270
0.23216
0.21562
0.21433
0.20627
0.20695
0.19013
0.17924
0.17659
0.18429
0.14926
0.14378
0.15869
0.13955
0.14339
0.11827
0.12742
0.12528
0.11715
0.11560
0.10857
0.09920
0.10457
0.09438
0.09708
0.09302
0.09225
0.09927
0.09483
0.08162
0.08044
0.08407
0.08123
0.07962
0.07931
0.07237
0.07103
0.06562
0.06413
0.05954
0.06218
0.06176
0.06270
0.05376
0.05051
0.04728
0.05341
0.05635
0.04780
0.05637
0.04798
0.05111
0.04350
0.04489
0.04622
0.04440
0.04381
0.04049
0.03863
0.04098
0.04055
0.04898
0.03682
0.03941
0.03747
0.03534
0.03805
0.03692
0.03312
0.02477
0.04352
0.03207
0.02851
0.03164
0.02140
0.02743
0.02352
0.02190
0.02397
0.02617
0.02093
0.02686
0.02135
0.02696
0.02156
