0.69538
0.54125
0.49528
0.43550
0.43223
0.38687
0.35768
0.35580
0.33713
0.35170
0.33614
0.32750
0.32908
0.31248
0.29312
0.29227
0.28045
0.27761
0.28017
0.27029
0.26856
0.26684
0.26540
0.24087
0.23233
0.23810
0.23228
0.23791
0.24103
0.21119
0.22257
0.21729
0.21125
0.21286
0.19124
0.19040
0.18161
0.17265
0.17570
0.18866
0.17302
0.18196
0.17145
0.15741
0.14587
0.16321
0.16943
0.13715
0.13685
0.14733
0.14108
0.14177
0.13910
0.12428
0.12888
0.13726
0.11398
0.12038
0.13411
0.10744
0.09922
0.10124
0.10148
0.09986
0.10726
0.10649
0.09125
0.09612
0.09721
0.09553
0.07982
0.10313
0.08755
0.08599
0.09874
0.09234
0.08628
0.08910
0.08652
0.07358
0.07077
0.08508
0.07649
0.06393
0.06498
0.07446
0.07188
0.06302
0.07557
0.06505
0.07194
0.06212
0.05861
0.06686
0.05150
0.06320
0.06124
0.06396
0.05570
0.06179
