0.46457
0.42754
0.38993
0.36350
0.35545
0.33778
0.32010
0.31298
0.29234
0.28699
0.27197
0.27395
0.25977
0.26237
0.26102
0.24827
0.24770
0.23254
0.21964
0.20753
0.21715
0.18896
0.19930
0.19776
0.18195
0.17452
0.16052
0.16193
0.16688
0.13946
0.15404
0.13585
0.14824
0.12472
0.12124
0.11641
0.11652
0.11153
0.11020
0.10576
0.10957
0.10259
0.09300
0.07841
0.08369
0.08717
0.08810
0.08489
0.09311
0.07700
0.09161
0.08286
0.08388
0.06061
0.06648
0.06629
0.06903
0.05933
0.06544
0.06876
0.06275
0.05942
0.05036
0.05874
0.05568
0.06549
0.05495
0.03849
0.04927
0.04577
0.04492
0.04935
0.04948
0.05481
0.04446
0.04578
0.05050
0.03424
0.04498
0.04288
0.03590
0.03358
0.03872
0.03388
0.03397
0.03212
0.03954
0.02977
0.03073
0.04464
0.02694
0.03074
0.03103
0.03544
0.02216
0.02060
0.02644
0.02485
0.02641
0.02166
