0.49161
0.42672
0.38641
0.37199
0.34927
0.33630
0.32984
0.31543
0.30759
0.27994
0.27317
0.27473
0.24526
0.24238
0.24410
0.23060
0.21421
0.22294
0.22703
0.21766
0.21533
0.19279
0.18648
0.18818
0.19330
0.17356
0.15429
0.16402
0.15442
0.15540
0.14142
0.13839
0.13901
0.13273
0.11959
0.11816
0.11837
0.10768
0.13275
0.10718
0.09490
0.09728
0.09722
0.09804
0.09432
0.09104
0.08352
0.08351
0.08633
0.07932
0.07856
0.07617
0.07646
0.06891
0.07309
0.06539
0.06629
0.06961
0.05860
0.05734
0.05571
0.05466
0.06972
0.05650
0.05800
0.06101
0.05130
0.04396
0.04394
0.04875
0.04218
0.05171
0.04185
0.05142
0.04291
0.03994
0.04389
0.04249
0.03836
0.03797
0.03541
0.03343
0.04428
0.03497
0.02506
0.03367
0.02631
0.02804
0.03396
0.02731
0.02059
0.03124
0.02837
0.02853
0.03179
0.02344
0.02192
0.02604
0.02464
0.02290
