0.62653
0.56963
0.55125
0.53992
0.50763
0.50582
0.49920
0.46882
0.43052
0.41800
0.41590
0.38595
0.39075
0.40069
0.34332
0.35382
0.34614
0.34907
0.32310
0.32898
0.30972
0.29581
0.28271
0.29515
0.25406
0.28313
0.29400
0.26878
0.27243
0.24238
0.24041
0.23951
0.24033
0.21852
0.20058
0.24280
0.19574
0.19903
0.19238
0.18309
0.15912
0.19005
0.17258
0.15929
0.16851
0.14924
0.14813
0.14914
0.13990
0.12775
0.13315
0.12573
0.12809
0.16349
0.13814
0.12385
0.10218
0.12257
0.12383
0.11761
0.09797
0.10576
0.10537
0.11004
0.11504
0.10178
0.10036
0.09068
0.08718
0.08630
0.09764
0.08328
0.09507
0.08323
0.07977
0.08079
0.07924
0.08616
0.09381
0.06707
0.07073
0.07700
0.07476
0.06590
0.07052
0.09216
0.06332
0.05808
0.06535
0.06229
0.06160
0.07740
0.05983
0.06262
0.05975
0.05242
0.05809
0.04539
0.04624
0.05832
