0.64082
0.59650
0.57553
0.56306
0.51632
0.50080
0.47864
0.49383
0.47296
0.43933
0.43667
0.41404
0.46132
0.42352
0.39916
0.40516
0.39554
0.38222
0.36265
0.34881
0.38414
0.36020
0.33801
0.33979
0.36828
0.32195
0.30336
0.31448
0.28619
0.30823
0.27842
0.29378
0.26960
0.24738
0.25533
0.24591
0.24538
0.25880
0.23737
0.25086
0.24207
0.25006
0.22396
0.24089
0.21529
0.21974
0.22590
0.20286
0.19517
0.19174
0.21260
0.16804
0.17498
0.17554
0.18958
0.19479
0.15671
0.16776
0.16843
0.15318
0.18343
0.15416
0.16395
0.14084
0.14209
0.15877
0.16518
0.13285
0.13179
0.13367
0.13209
0.13190
0.11339
0.11918
0.13747
0.11709
0.14138
0.12540
0.13245
0.12510
0.12438
0.10793
0.12448
0.10228
0.12488
0.10591
0.10972
0.10495
0.11193
0.09119
0.10386
0.09792
0.09064
0.08316
0.08805
0.10271
0.09719
0.07549
0.07692
0.08748
