0.99637
0.81427
0.75522
0.63650
0.63584
0.59547
0.56645
0.57114
0.54767
0.55852
0.56324
0.54797
0.54529
0.55605
0.55855
0.53634
0.55411
0.52882
0.52566
0.52349
0.50254
0.49364
0.48927
0.52402
0.47800
0.47312
0.47793
0.45272
0.44979
0.47172
0.49654
0.43532
0.44882
0.46144
0.41471
0.42257
0.40814
0.42055
0.42930
0.43042
0.42081
0.39765
0.37087
0.40531
0.37708
0.39204
0.37963
0.37079
0.37992
0.37149
0.35407
0.35436
0.33508
0.33193
0.35093
0.31026
0.33326
0.31094
0.32778
0.28173
0.28086
0.31551
0.29423
0.29588
0.31561
0.27738
0.27770
0.27856
0.26550
0.24842
0.24809
0.25386
0.24296
0.28996
0.21946
0.24567
0.25648
0.26842
0.22670
0.20060
0.22992
0.20125
0.21743
0.23457
0.21405
0.20897
0.18623
0.23736
0.18096
0.20908
0.18397
0.20307
0.19913
0.19325
0.20091
0.18600
0.20998
0.16619
0.18505
0.16318
