1.11613
0.93980
0.86450
0.76360
0.67568
0.67539
0.64882
0.66659
0.62620
0.62012
0.59505
0.61220
0.57319
0.57462
0.58564
0.58246
0.54169
0.54600
0.55629
0.54523
0.53400
0.55513
0.57297
0.56122
0.53963
0.53198
0.53022
0.50787
0.50218
0.51201
0.49526
0.51448
0.50173
0.45593
0.53480
0.51578
0.51530
0.50789
0.48058
0.46276
0.48140
0.45486
0.47395
0.44318
0.44902
0.44017
0.42771
0.43647
0.42016
0.43369
0.42732
0.41807
0.41837
0.41746
0.39780
0.39667
0.40628
0.40186
0.35684
0.41744
0.39168
0.40910
0.37489
0.37258
0.39560
0.38522
0.38210
0.37554
0.37978
0.36763
0.34199
0.36316
0.34614
0.35416
0.33717
0.35273
0.34724
0.31976
0.34008
0.33638
0.34560
0.34396
0.33345
0.34965
0.32444
0.30937
0.29757
0.30099
0.29532
0.30648
0.29791
0.27540
0.30709
0.30812
0.26123
0.28132
0.30171
0.27733
0.27131
0.25185
