0.59065
0.60836
0.55106
0.50811
0.49416
0.45721
0.46865
0.41296
0.41099
0.37965
0.35541
0.31724
0.29945
0.29735
0.26933
0.28458
0.24494
0.25041
0.22901
0.21752
0.23545
0.18248
0.18405
0.17015
0.17012
0.16089
0.16473
0.15164
0.14974
0.15339
0.13969
0.13105
0.13057
0.12282
0.10867
0.12068
0.11124
0.11177
0.10154
0.09933
0.09012
0.10678
0.09873
0.09228
0.09865
0.07172
0.08463
0.08269
0.07274
0.07207
0.07408
0.07490
0.06500
0.05747
0.06070
0.07341
0.05823
0.05240
0.06540
0.05395
0.05607
0.04892
0.06098
0.04016
0.04905
0.05760
0.05389
0.03967
0.04372
0.03919
0.03228
0.03590
0.02935
0.03466
0.03429
0.03663
0.03586
0.03430
0.02808
0.03256
0.02286
0.02533
0.02397
0.02969
0.02980
0.03233
0.02989
0.01629
0.02743
0.03050
0.01845
0.02039
0.01731
0.02119
0.02156
0.01656
0.01371
0.00943
0.01362
0.01917
