0.71451
0.61949
0.58978
0.60994
0.57294
0.55667
0.57851
0.56879
0.54896
0.53128
0.53251
0.50734
0.50125
0.45967
0.47342
0.46754
0.44864
0.45144
0.40805
0.43362
0.40581
0.42274
0.41529
0.38020
0.36244
0.37833
0.36621
0.35908
0.33506
0.33567
0.32266
0.30931
0.30697
0.30308
0.28503
0.29303
0.29491
0.27412
0.29453
0.24512
0.25017
0.26319
0.23422
0.26946
0.25204
0.22567
0.23644
0.23147
0.21805
0.24686
0.20946
0.18180
0.18445
0.18036
0.20164
0.22074
0.18684
0.18855
0.18125
0.17427
0.16704
0.16905
0.16559
0.16555
0.16438
0.16027
0.17500
0.16242
0.14661
0.17715
0.15158
0.15565
0.13579
0.12853
0.14996
0.11686
0.12265
0.13168
0.13214
0.11369
0.11330
0.09971
0.11657
0.12098
0.11309
0.10280
0.10234
0.13392
0.11192
0.10519
0.10313
0.10679
0.10864
0.10658
0.09304
0.08789
0.09497
0.09537
0.07729
0.08089
