0.61806
0.57643
0.55416
0.57395
0.52064
0.49614
0.49257
0.47472
0.44069
0.41745
0.39892
0.38655
0.33961
0.33874
0.34219
0.30604
0.31650
0.29164
0.27106
0.25426
0.25282
0.23632
0.23910
0.22130
0.18612
0.19016
0.18775
0.18167
0.18065
0.16441
0.15996
0.17262
0.16394
0.15363
0.13726
0.13669
0.13021
0.11813
0.13257
0.12686
0.11432
0.11917
0.10689
0.12688
0.10327
0.10533
0.11893
0.10497
0.09077
0.09529
0.10062
0.09323
0.07907
0.09105
0.07905
0.07084
0.07698
0.07204
0.05953
0.08857
0.07346
0.07555
0.07830
0.06318
0.06304
0.07031
0.06549
0.05916
0.06573
0.06673
0.05802
0.05083
0.05035
0.05353
0.05647
0.04796
0.06185
0.04563
0.04984
0.05749
0.04478
0.04375
0.05071
0.03477
0.05065
0.04783
0.03791
0.04090
0.03547
0.03287
0.03360
0.03356
0.02946
0.03093
0.03297
0.03228
0.02684
0.04399
0.02545
0.02314
