1.7665
0.42021
0.42143
0.42243
0.42278
0.42632
0.42894
0.43429
0.43581
0.43547
0.43781
0.43087
0.42179
0.43524
0.44839
0.43135
0.41834
0.41861
0.41974
0.42288
0.42326
0.42081
0.4221
0.42964
0.43603
0.43192
0.43369
0.43628
0.45934
0.45565
0.45922
0.45699
0.43293
0.44037
0.44677
0.44601
0.4466
0.44254
0.42716
0.43703
0.41418
0.43454
0.42
0.44086
0.43394
0.43431
0.43585
0.43595
0.44087
0.43859
0.43682
0.43357
0.42147
0.42498
0.43268
0.44227
0.42772
0.44681
0.42642
0.42815
0.42022
0.41619
0.41548
0.43228
0.42902
0.41992
0.42825
0.44828
0.44221
0.43764
0.43816
0.44458
0.43493
0.40978
0.41597
0.43393
0.43105
0.4347
0.45097
0.44125
0.43433
0.43836
0.41455
0.42778
0.43479
0.40703
0.43417
0.42699
0.43408
0.43177
0.41772
0.43854
0.42596
0.41596
0.43835
0.4377
0.45255
0.41614
0.42611
0.42107
0.42306
0.42009
0.43064
0.43986
0.42792
0.45143
0.44058
0.43485
0.43619
0.43576
0.42258
0.44953
0.42318
0.43008
0.43153
0.41745
0.43413
0.4616
0.43459
0.43982
0.42275
0.56235
0.47538
0.43502
0.43657
0.43483
0.43448
0.43653
0.43674
0.42991
0.43249
0.43337
0.42944
0.43717
0.43267
0.42167
0.43836
0.43966
0.44263
0.44186
0.465
0.4335
0.43844
0.44775
0.43314
0.43621
0.42822
0.44303
0.43059
0.43057
0.43278
0.43451
0.43707
0.43815
0.45291
0.43368
0.4401
0.42918
0.42301
0.42926
0.43416
0.44369
0.4428
0.44334
0.40882
0.43109
0.54168
0.44031
0.44063
