1.13789
0.14375
0.15243
0.15613
0.1659
0.16532
0.16371
0.16537
0.1677
0.16651
0.1659
0.16941
0.18318
0.18149
0.18302
0.18141
0.18128
0.18268
0.18109
0.18191
0.18282
0.18201
0.18123
0.18215
0.18329
0.18336
0.18453
0.18348
0.18405
0.19051
0.20648
0.20572
0.20628
0.20372
0.20789
0.20708
0.20724
0.20708
0.20692
0.2068
0.20444
0.20743
0.2059
0.20672
0.20622
0.20842
0.20586
0.20668
0.20649
0.20821
0.20621
0.2045
0.20644
0.20577
0.20576
0.20569
0.20817
0.20515
0.20498
0.206
0.20505
0.20526
0.20754
0.20708
0.2049
0.20568
0.20491
0.21013
0.2033
0.20649
0.20596
0.20743
0.207
0.20706
0.20634
0.20574
0.20302
0.20752
0.20645
0.20779
0.20647
0.20685
0.20517
0.20825
0.20875
0.20554
0.20533
0.20501
0.20881
0.20747
0.20592
0.20331
0.20347
0.20622
0.20981
0.20852
0.20817
0.20629
0.20655
0.20515
