1.29824
0.24871
0.25617
0.25958
0.25837
0.25536
0.25918
0.25802
0.25759
0.25955
0.26091
0.24934
0.22562
0.23297
0.24109
0.27032
0.2143
0.26946
0.26974
0.27338
0.272
0.27144
0.27049
0.26852
0.26941
0.26708
0.27293
0.27024
0.27128
0.26917
0.27047
0.27018
0.27004
0.27419
0.2715
0.28037
0.27373
0.27005
0.26901
0.27396
0.27324
0.27309
0.26076
0.20255
0.24722
0.24491
0.24473
0.24894
0.25464
0.24785
0.25251
0.22175
0.22488
0.24123
0.2262
0.22644
0.24207
0.24216
0.25541
0.24822
0.24841
0.25377
0.24956
0.23161
0.24626
1.21546
0.20029
0.20885
0.21534
0.21154
0.21385
0.21377
0.21577
0.21123
0.21012
0.21147
0.21409
0.21163
0.21137
0.21603
0.21705
0.21388
0.21808
0.21514
0.21453
0.21913
0.20704
0.2001
0.2008
0.21192
0.20696
0.20811
0.2195
0.22033
0.2213
0.21969
0.22252
0.22103
0.21985
0.22033
0.22016
0.21974
0.21898
0.21947
0.22123
0.22479
0.22397
0.22245
0.23288
